bluerov2/FrontRight
0.707107  -0.707107  1.05814e-17  -0.00287076  -0.00287076  -0.170522
bluerov2/FrontLeft
0.707107  0.707107  1.06131e-17  0.00287076  -0.00287076  0.170389
bluerov2/BackRight
-0.707107  -0.707107  -1.06131e-17  -0.00287076  0.00287076  0.171143
bluerov2/BackLeft
-0.707107  0.707107  -1.05814e-17  0.00287076  0.00287076  -0.171011
bluerov2/DiveFrontRight
-5.10414e-12  -2.11758e-20  1  0.218094  -0.125561  1.11318e-12
bluerov2/DiveFrontLeft
-5.10414e-12  -2.11758e-20  1  -0.217906  -0.125561  -1.11222e-12
bluerov2/DiveBackRight
-5.10414e-12  -2.11758e-20  1  0.218094  0.114439  1.11318e-12
bluerov2/DiveBackLeft
-5.10414e-12  -2.11758e-20  1  -0.217906  0.114439  -1.11222e-12
